1,4,1
1,1,1,1,0
1,1,0,0,1
1,0,0,1,1
0,0,0,0,0
1,0,0,0,1
1,1,0,0,0
1,0,1,0,1

1,6,4
1,1,0,1,1,1,0
1,1,1,1,1,0,0

1,8,3
1,0,0,1,1,0,0,1,0
1,0,1,0,0,1,0,0,1
1,1,1,1,0,1,0,0,1
1,0,1,1,0,0,1,0,0
0,0,1,0,1,0,0,0,0
1,0,1,0,0,1,0,1,1
0,0,0,1,0,1,0,0,0
1,0,1,1,1,0,0,0,1
1,1,0,1,1,1,0,1,0

1,8,6
0,1,0,1,0,0,1,1,1
0,0,0,0,1,1,0,0,0
0,1,0,1,0,0,0,1,0
0,1,1,1,0,0,0,1,0

1,7,2
1,1,1,1,1,0,0,0
1,1,0,1,1,1,1,1
1,0,1,1,1,1,1,1
1,0,1,1,1,1,1,0
0,1,0,0,0,0,0,0
1,0,1,1,0,0,0,1

